#Dset /vf/users/CamRat/WHS_preprocessing/atlas/left_mask.nii
#ROI 1
172  502  240
#ROI 3
179  540  231
#ROI 4
167  326  335
#ROI 5
170  330  326
#ROI 6
115  531  267
#ROI 7
158  317  246
#ROI 10
230  643  357
#ROI 32
166  573  239
#ROI 33
198  529  318
#ROI 34
192  521  254
#ROI 35
168  373  209
#ROI 36
207  661  238
#ROI 37
198  629  237
#ROI 38
235  609  314
#ROI 40
227  644  290
#ROI 41
153  808  225
#ROI 42
184  588  220
#ROI 43
234  438  392
#ROI 45
219  115  167
#ROI 46
237  504  317
#ROI 47
206  372  235
#ROI 48
224  557  201
#ROI 50
209  478  358
#ROI 51
230  473  298
#ROI 52
227  605  254
#ROI 53
222  547  232
#ROI 54
177  599  256
#ROI 55
206  476  330
#ROI 56
227  308  252
#ROI 57
222  361  252
#ROI 58
217  433  189
#ROI 59
177  586  321
#ROI 60
225  534  282
#ROI 61
221  591  297
#ROI 62
142  567  286
#ROI 63
237  518  307
#ROI 64
213  795  333
#ROI 65
218  860  310
#ROI 66
211  819  297
#ROI 67
163  577  341
#ROI 68
165  515  329
#ROI 69
231  433  350
#ROI 70
243  170  198
#ROI 71
236  466  221
#ROI 72
223  347  248
#ROI 73
200  743  255
#ROI 74
225  280  179
#ROI 75
177  278  231
#ROI 76
169  618  162
#ROI 77
193  778  346
#ROI 78
154  406  238
#ROI 79
211  437  187
#ROI 80
238  530  327
#ROI 81
194  601  230
#ROI 82
200  639  212
#ROI 83
181  566  209
#ROI 84
255  511  255
#ROI 85
242  221  198
#ROI 93
209  618  258
#ROI 94
198  513  310
#ROI 95
134  525  299
#ROI 96
151  507  310
#ROI 97
118  526  314
#ROI 98
135  512  326
#ROI 99
230  552  347
#ROI 100
132  478  304
#ROI 108
91  425  330
#ROI 109
144  453  331
#ROI 110
134  440  296
#ROI 112
62  508  251
#ROI 113
57  506  270
#ROI 114
102  421  290
#ROI 115
75  470  233
#ROI 119
93  344  226
#ROI 120
115  372  178
#ROI 121
126  360  205
#ROI 122
134  369  231
#ROI 123
136  357  247
#ROI 125
195  325  270
#ROI 126
153  330  270
#ROI 127
151  331  267
#ROI 128
152  334  265
#ROI 129
179  336  269
#ROI 130
188  377  188
#ROI 131
211  384  180
#ROI 132
203  376  190
#ROI 133
194  380  186
#ROI 134
183  373  191
#ROI 135
192  381  187
#ROI 136
189  377  175
#ROI 137
178  415  220
#ROI 138
167  416  252
#ROI 139
172  417  278
#ROI 140
188  420  277
#ROI 141
175  419  248
#ROI 142
220  411  379
#ROI 143
203  418  348
#ROI 145
183  429  338
#ROI 146
158  462  301
#ROI 150
140  492  293
#ROI 151
63  509  326
#ROI 152
72  510  350
#ROI 153
57  508  301
#ROI 157
141  539  290
#ROI 158
132  370  237
#ROI 159
142  338  237
#ROI 160
138  356  248
#ROI 162
118  374  180
#ROI 163
162  421  280
#ROI 164
135  554  290
#ROI 180
168  733  241
#ROI 181
115  632  203
#ROI 182
123  637  208
#ROI 183
118  615  206
#ROI 184
196  682  242
#ROI 187
182  489  233
#ROI 188
190  488  240
#ROI 189
161  491  254
#ROI 192
207  679  227
#ROI 193
191  653  205
#ROI 195
169  605  254
#ROI 196
212  506  231
#ROI 197
153  635  285
#ROI 198
151  601  263
#ROI 199
169  641  215
#ROI 200
170  583  281
#ROI 201
138  502  273
#ROI 204
131  524  290
#ROI 205
144  528  317
#ROI 206
224  551  314
#ROI 207
236  553  318
#ROI 208
154  491  274
#ROI 210
170  511  288
#ROI 211
230  603  284
#ROI 213
207  592  311
#ROI 214
202  593  303
#ROI 215
198  595  295
#ROI 216
236  571  261
#ROI 218
234  588  236
#ROI 219
234  580  247
#ROI 221
211  566  249
#ROI 222
229  570  256
#ROI 223
197  569  297
#ROI 227
169  551  280
#ROI 228
197  573  319
#ROI 229
176  565  319
#ROI 230
181  547  293
#ROI 231
196  576  277
#ROI 232
214  562  292
#ROI 233
221  561  296
#ROI 235
178  548  250
#ROI 236
176  546  244
#ROI 238
219  577  230
#ROI 239
181  523  314
#ROI 240
230  569  293
#ROI 242
239  577  295
#ROI 246
212  564  281
#ROI 247
234  568  273
#ROI 248
207  555  303
#ROI 249
161  556  285
#ROI 254
220  593  271
#ROI 255
239  588  270
#ROI 257
199  581  241
#ROI 260
240  558  285
#ROI 266
199  539  264
#ROI 267
219  535  285
#ROI 268
234  542  261
#ROI 270
208  533  249
#ROI 272
134  526  303
#ROI 278
207  531  263
#ROI 280
197  530  246
#ROI 281
138  524  274
#ROI 282
190  528  280
#ROI 283
164  528  322
#ROI 284
216  561  232
#ROI 285
190  543  318
#ROI 286
165  513  324
#ROI 287
163  520  259
#ROI 290
154  522  319
#ROI 291
203  580  280
#ROI 293
197  590  268
#ROI 294
162  565  275
#ROI 295
146  492  302
#ROI 297
155  490  289
#ROI 298
144  493  288
#ROI 299
157  497  305
#ROI 400
195  734  304
#ROI 401
171  734  290
#ROI 402
212  736  287
#ROI 403
232  757  298
#ROI 404
145  741  298
#ROI 405
227  722  324
#ROI 406
193  712  374
#ROI 407
124  708  326
#ROI 408
166  673  373
#ROI 409
134  692  249
#ROI 410
125  697  264
#ROI 411
225  667  377
#ROI 412
146  665  261
#ROI 413
232  700  283
#ROI 414
95  638  252
#ROI 416
87  625  261
#ROI 417
135  643  374
#ROI 418
119  621  370
#ROI 420
99  662  319
#ROI 422
76  597  295
#ROI 423
168  609  393
#ROI 424
81  591  232
#ROI 425
97  583  361
#ROI 427
210  507  412
#ROI 429
124  557  387
#ROI 430
217  505  392
#ROI 432
132  544  404
#ROI 433
163  552  410
#ROI 436
93  525  381
#ROI 442
139  466  403
#ROI 443
97  464  376
#ROI 444
65  458  323
#ROI 448
183  497  417
#ROI 500
138  646  226
#ROI 501
126  551  202
#ROI 502
162  597  176
