#Dset /vf/users/CamRat/WHS_preprocessing/atlas/right_mask.nii
#ROI 1
314  505  243
#ROI 3
307  541  234
#ROI 4
320  329  334
#ROI 5
316  333  326
#ROI 6
373  533  268
#ROI 7
329  319  246
#ROI 10
257  645  356
#ROI 32
320  573  241
#ROI 33
296  527  326
#ROI 34
294  521  256
#ROI 35
404  372  205
#ROI 36
282  661  239
#ROI 37
300  627  234
#ROI 38
252  610  313
#ROI 40
260  644  290
#ROI 41
336  804  231
#ROI 42
300  593  217
#ROI 43
252  439  393
#ROI 45
269  114  167
#ROI 46
251  504  318
#ROI 47
282  372  235
#ROI 48
263  557  201
#ROI 50
280  479  359
#ROI 51
257  471  299
#ROI 52
259  608  257
#ROI 53
264  548  233
#ROI 54
309  600  259
#ROI 55
282  476  331
#ROI 56
260  309  252
#ROI 57
265  362  252
#ROI 58
269  434  188
#ROI 59
310  587  323
#ROI 60
261  533  281
#ROI 61
264  591  298
#ROI 62
342  571  293
#ROI 63
251  517  307
#ROI 64
275  796  330
#ROI 65
271  860  310
#ROI 66
276  819  296
#ROI 67
323  580  344
#ROI 68
319  516  332
#ROI 69
256  432  351
#ROI 70
245  200  212
#ROI 71
250  466  221
#ROI 72
264  348  247
#ROI 73
287  745  255
#ROI 74
263  282  179
#ROI 75
312  280  231
#ROI 76
319  611  163
#ROI 77
293  779  350
#ROI 78
333  406  240
#ROI 79
278  439  187
#ROI 80
249  531  327
#ROI 81
290  601  234
#ROI 82
288  638  212
#ROI 83
306  567  212
#ROI 84
245  255  197
#ROI 85
246  220  198
#ROI 93
277  617  261
#ROI 94
287  515  312
#ROI 95
350  528  305
#ROI 96
333  508  314
#ROI 97
365  530  320
#ROI 98
350  512  329
#ROI 99
255  552  348
#ROI 100
351  479  310
#ROI 108
393  427  337
#ROI 109
339  454  336
#ROI 110
350  439  307
#ROI 112
424  506  258
#ROI 113
428  505  277
#ROI 114
383  423  301
#ROI 115
412  470  240
#ROI 119
393  358  221
#ROI 120
376  372  179
#ROI 121
361  365  203
#ROI 122
349  371  231
#ROI 123
350  361  247
#ROI 125
296  324  271
#ROI 126
335  332  269
#ROI 127
335  333  268
#ROI 128
335  336  265
#ROI 129
309  336  269
#ROI 130
299  378  187
#ROI 131
276  385  180
#ROI 132
284  373  187
#ROI 133
292  381  185
#ROI 134
304  375  190
#ROI 135
294  383  187
#ROI 136
296  376  175
#ROI 137
307  418  217
#ROI 138
319  420  250
#ROI 139
315  420  277
#ROI 140
298  421  277
#ROI 141
310  421  246
#ROI 142
270  410  377
#ROI 143
287  419  348
#ROI 145
307  431  338
#ROI 146
330  464  300
#ROI 150
344  499  297
#ROI 151
422  509  334
#ROI 152
414  510  357
#ROI 153
428  511  307
#ROI 157
343  544  293
#ROI 158
355  375  238
#ROI 159
345  342  234
#ROI 160
349  358  248
#ROI 162
371  377  181
#ROI 163
326  424  277
#ROI 164
350  559  295
#ROI 180
320  733  238
#ROI 181
376  627  203
#ROI 182
366  635  209
#ROI 183
372  613  209
#ROI 184
291  681  243
#ROI 187
304  491  234
#ROI 188
296  490  241
#ROI 189
325  493  256
#ROI 192
281  678  226
#ROI 193
299  654  207
#ROI 195
317  607  257
#ROI 196
273  507  231
#ROI 197
334  636  287
#ROI 198
337  600  265
#ROI 199
319  642  215
#ROI 200
314  585  283
#ROI 201
347  506  275
#ROI 204
355  529  295
#ROI 205
341  532  321
#ROI 206
261  551  314
#ROI 207
249  553  318
#ROI 208
329  498  274
#ROI 210
315  513  289
#ROI 211
254  602  285
#ROI 213
275  591  313
#ROI 214
281  594  306
#ROI 215
285  597  297
#ROI 216
250  573  262
#ROI 218
254  589  236
#ROI 219
252  581  247
#ROI 221
273  567  251
#ROI 222
255  571  257
#ROI 223
287  571  298
#ROI 227
316  553  283
#ROI 228
287  575  322
#ROI 229
309  567  323
#ROI 230
302  548  294
#ROI 231
291  578  280
#ROI 232
269  564  290
#ROI 233
264  562  298
#ROI 235
308  548  254
#ROI 236
309  548  247
#ROI 238
265  577  230
#ROI 239
304  524  316
#ROI 240
254  569  293
#ROI 242
247  575  296
#ROI 246
272  565  282
#ROI 247
252  567  273
#ROI 248
278  555  304
#ROI 249
321  562  287
#ROI 254
263  593  272
#ROI 255
247  590  270
#ROI 257
285  582  243
#ROI 260
246  560  286
#ROI 266
281  541  265
#ROI 267
265  536  286
#ROI 268
252  542  261
#ROI 270
277  534  249
#ROI 272
351  530  307
#ROI 278
279  530  264
#ROI 280
290  530  248
#ROI 281
347  528  278
#ROI 282
294  528  280
#ROI 283
319  529  324
#ROI 284
268  560  233
#ROI 285
293  546  321
#ROI 286
319  516  327
#ROI 287
321  522  261
#ROI 290
332  520  320
#ROI 291
283  584  284
#ROI 293
287  593  271
#ROI 294
324  568  278
#ROI 295
338  497  305
#ROI 297
330  494  289
#ROI 298
340  499  291
#ROI 299
326  503  307
#ROI 400
293  737  305
#ROI 401
318  736  292
#ROI 402
274  739  288
#ROI 403
254  757  297
#ROI 404
343  745  302
#ROI 405
260  722  324
#ROI 406
292  713  376
#ROI 407
363  709  328
#ROI 408
316  671  378
#ROI 409
360  687  248
#ROI 410
365  697  264
#ROI 411
259  668  377
#ROI 412
345  664  260
#ROI 413
256  700  283
#ROI 414
394  641  257
#ROI 416
404  627  268
#ROI 417
346  644  379
#ROI 418
361  623  375
#ROI 420
388  663  325
#ROI 422
414  597  301
#ROI 423
312  610  397
#ROI 424
408  591  238
#ROI 425
387  583  366
#ROI 427
269  508  413
#ROI 429
358  557  392
#ROI 430
267  501  391
#ROI 432
339  547  410
#ROI 433
309  552  415
#ROI 436
390  525  388
#ROI 442
343  468  407
#ROI 443
388  467  383
#ROI 444
421  461  327
#ROI 448
294  491  421
#ROI 500
355  638  228
#ROI 501
361  553  203
#ROI 502
324  598  177
